{
 "metadata": {
  "language_info": {
   "codemirror_mode": {
    "name": "ipython",
    "version": 3
   },
   "file_extension": ".py",
   "mimetype": "text/x-python",
   "name": "python",
   "nbconvert_exporter": "python",
   "pygments_lexer": "ipython3",
   "version": "3.7.9-final"
  },
  "orig_nbformat": 2,
  "kernelspec": {
   "name": "Python 3.7.9 64-bit ('python_3.7': conda)",
   "display_name": "Python 3.7.9 64-bit ('python_3.7': conda)",
   "metadata": {
    "interpreter": {
     "hash": "2ef9295e5707b050a7247f8aef1527b1df91510008d346980af256f412b3227d"
    }
   }
  }
 },
 "nbformat": 4,
 "nbformat_minor": 2,
 "cells": [
  {
   "cell_type": "code",
   "execution_count": null,
   "metadata": {},
   "outputs": [],
   "source": [
    "import pandas as pd"
   ]
  },
  {
   "cell_type": "code",
   "execution_count": null,
   "metadata": {},
   "outputs": [],
   "source": [
    "df = pd.read_csv('./mpg.csv')\n",
    "df"
   ]
  },
  {
   "cell_type": "code",
   "execution_count": null,
   "metadata": {},
   "outputs": [],
   "source": [
    "df.head()"
   ]
  },
  {
   "cell_type": "code",
   "execution_count": null,
   "metadata": {},
   "outputs": [],
   "source": [
    "df.tail()"
   ]
  },
  {
   "cell_type": "code",
   "execution_count": null,
   "metadata": {},
   "outputs": [],
   "source": [
    "df.shape"
   ]
  },
  {
   "cell_type": "code",
   "execution_count": null,
   "metadata": {},
   "outputs": [],
   "source": [
    "df.info"
   ]
  },
  {
   "cell_type": "code",
   "execution_count": null,
   "metadata": {},
   "outputs": [],
   "source": [
    "df.dtypes"
   ]
  },
  {
   "cell_type": "code",
   "execution_count": null,
   "metadata": {},
   "outputs": [],
   "source": [
    "# 평균, 표준편차, 최대값, 최소값, 중간값\n",
    "df.describe()"
   ]
  },
  {
   "cell_type": "code",
   "execution_count": null,
   "metadata": {},
   "outputs": [],
   "source": [
    "df.count()"
   ]
  },
  {
   "cell_type": "code",
   "execution_count": null,
   "metadata": {},
   "outputs": [],
   "source": [
    "df['mpg'].count()"
   ]
  },
  {
   "cell_type": "code",
   "execution_count": null,
   "metadata": {},
   "outputs": [],
   "source": [
    "#mpg 항목에서 겹치는 값들의 개수\n",
    "df['mpg'].value_counts()"
   ]
  },
  {
   "cell_type": "code",
   "execution_count": null,
   "metadata": {},
   "outputs": [],
   "source": [
    "df['mpg'].mean()"
   ]
  },
  {
   "cell_type": "code",
   "execution_count": null,
   "metadata": {},
   "outputs": [],
   "source": [
    "df.mean()"
   ]
  },
  {
   "cell_type": "code",
   "execution_count": null,
   "metadata": {},
   "outputs": [],
   "source": [
    "df.median"
   ]
  },
  {
   "cell_type": "code",
   "execution_count": null,
   "metadata": {},
   "outputs": [],
   "source": [
    "df.std()"
   ]
  },
  {
   "cell_type": "code",
   "execution_count": null,
   "metadata": {},
   "outputs": [],
   "source": [
    "df"
   ]
  },
  {
   "cell_type": "code",
   "execution_count": null,
   "metadata": {},
   "outputs": [],
   "source": [
    "df[['mpg','weight']].corr()"
   ]
  },
  {
   "cell_type": "code",
   "execution_count": null,
   "metadata": {},
   "outputs": [],
   "source": [
    "df.median"
   ]
  },
  {
   "cell_type": "code",
   "execution_count": 22,
   "metadata": {},
   "outputs": [
    {
     "output_type": "execute_result",
     "data": {
      "text/plain": [
       "                   mpg  cylinders  displacement  horsepower    weight  \\\n",
       "mpg           1.000000  -0.775396     -0.804203   -0.778427 -0.831741   \n",
       "cylinders    -0.775396   1.000000      0.950721    0.842983  0.896017   \n",
       "displacement -0.804203   0.950721      1.000000    0.897257  0.932824   \n",
       "horsepower   -0.778427   0.842983      0.897257    1.000000  0.864538   \n",
       "weight       -0.831741   0.896017      0.932824    0.864538  1.000000   \n",
       "acceleration  0.420289  -0.505419     -0.543684   -0.689196 -0.417457   \n",
       "model_year    0.579267  -0.348746     -0.370164   -0.416361 -0.306564   \n",
       "\n",
       "              acceleration  model_year  \n",
       "mpg               0.420289    0.579267  \n",
       "cylinders        -0.505419   -0.348746  \n",
       "displacement     -0.543684   -0.370164  \n",
       "horsepower       -0.689196   -0.416361  \n",
       "weight           -0.417457   -0.306564  \n",
       "acceleration      1.000000    0.288137  \n",
       "model_year        0.288137    1.000000  "
      ],
      "text/html": "<div>\n<style scoped>\n    .dataframe tbody tr th:only-of-type {\n        vertical-align: middle;\n    }\n\n    .dataframe tbody tr th {\n        vertical-align: top;\n    }\n\n    .dataframe thead th {\n        text-align: right;\n    }\n</style>\n<table border=\"1\" class=\"dataframe\">\n  <thead>\n    <tr style=\"text-align: right;\">\n      <th></th>\n      <th>mpg</th>\n      <th>cylinders</th>\n      <th>displacement</th>\n      <th>horsepower</th>\n      <th>weight</th>\n      <th>acceleration</th>\n      <th>model_year</th>\n    </tr>\n  </thead>\n  <tbody>\n    <tr>\n      <th>mpg</th>\n      <td>1.000000</td>\n      <td>-0.775396</td>\n      <td>-0.804203</td>\n      <td>-0.778427</td>\n      <td>-0.831741</td>\n      <td>0.420289</td>\n      <td>0.579267</td>\n    </tr>\n    <tr>\n      <th>cylinders</th>\n      <td>-0.775396</td>\n      <td>1.000000</td>\n      <td>0.950721</td>\n      <td>0.842983</td>\n      <td>0.896017</td>\n      <td>-0.505419</td>\n      <td>-0.348746</td>\n    </tr>\n    <tr>\n      <th>displacement</th>\n      <td>-0.804203</td>\n      <td>0.950721</td>\n      <td>1.000000</td>\n      <td>0.897257</td>\n      <td>0.932824</td>\n      <td>-0.543684</td>\n      <td>-0.370164</td>\n    </tr>\n    <tr>\n      <th>horsepower</th>\n      <td>-0.778427</td>\n      <td>0.842983</td>\n      <td>0.897257</td>\n      <td>1.000000</td>\n      <td>0.864538</td>\n      <td>-0.689196</td>\n      <td>-0.416361</td>\n    </tr>\n    <tr>\n      <th>weight</th>\n      <td>-0.831741</td>\n      <td>0.896017</td>\n      <td>0.932824</td>\n      <td>0.864538</td>\n      <td>1.000000</td>\n      <td>-0.417457</td>\n      <td>-0.306564</td>\n    </tr>\n    <tr>\n      <th>acceleration</th>\n      <td>0.420289</td>\n      <td>-0.505419</td>\n      <td>-0.543684</td>\n      <td>-0.689196</td>\n      <td>-0.417457</td>\n      <td>1.000000</td>\n      <td>0.288137</td>\n    </tr>\n    <tr>\n      <th>model_year</th>\n      <td>0.579267</td>\n      <td>-0.348746</td>\n      <td>-0.370164</td>\n      <td>-0.416361</td>\n      <td>-0.306564</td>\n      <td>0.288137</td>\n      <td>1.000000</td>\n    </tr>\n  </tbody>\n</table>\n</div>"
     },
     "metadata": {},
     "execution_count": 22
    }
   ],
   "source": [
    "df.corr()"
   ]
  },
  {
   "cell_type": "code",
   "execution_count": null,
   "metadata": {},
   "outputs": [],
   "source": []
  }
 ]
}